[soe][Equalizer#0]
numBands=12
pitchRight=3.469446951953614e-18

[soe][Equalizer#0#left]
band0Frequency=27.78279410038923
band0Gain=8
band0Q=1.7848855913456436
band10Frequency=8785.69091207187
band10Gain=2
band10Q=1.7848855913456438
band11Frequency=15623.413251903488
band11Gain=4
band11Q=1.7848855913456438
band12Type=0
band13Type=0
band14Type=0
band15Type=0
band16Type=0
band17Type=0
band18Type=0
band19Type=0
band1Frequency=49.40557070207302
band1Gain=4
band1Q=1.7848855913456438
band20Type=0
band21Type=0
band22Type=0
band23Type=0
band24Type=0
band25Type=0
band26Type=0
band27Type=0
band28Type=0
band29Type=0
band2Frequency=87.8569091207187
band2Gain=2
band2Q=1.7848855913456436
band30Type=0
band31Type=0
band3Frequency=156.23413251903492
band3Gain=1
band3Q=1.7848855913456438
band4Frequency=277.8279410038923
band4Q=1.7848855913456438
band5Frequency=494.0557070207302
band5Gain=-1
band5Q=1.784885591345644
band6Frequency=878.569091207187
band6Gain=-2
band6Q=1.7848855913456436
band7Frequency=1562.341325190349
band7Gain=-1
band7Q=1.7848855913456438
band8Frequency=2778.2794100389224
band8Q=1.7848855913456436
band9Frequency=4940.557070207302
band9Gain=1
band9Q=1.7848855913456436

[soe][Equalizer#0#right]
band0Frequency=27.78279410038923
band0Gain=8
band0Q=1.7848855913456436
band10Frequency=8785.69091207187
band10Gain=2
band10Q=1.7848855913456438
band11Frequency=15623.413251903488
band11Gain=4
band11Q=1.7848855913456438
band12Type=0
band13Type=0
band14Type=0
band15Type=0
band16Type=0
band17Type=0
band18Type=0
band19Type=0
band1Frequency=49.40557070207302
band1Gain=4
band1Q=1.7848855913456438
band20Type=0
band21Type=0
band22Type=0
band23Type=0
band24Type=0
band25Type=0
band26Type=0
band27Type=0
band28Type=0
band29Type=0
band2Frequency=87.8569091207187
band2Gain=2
band2Q=1.7848855913456436
band30Type=0
band31Type=0
band3Frequency=156.23413251903492
band3Gain=1
band3Q=1.7848855913456438
band4Frequency=277.8279410038923
band4Q=1.7848855913456438
band5Frequency=494.0557070207302
band5Gain=-1
band5Q=1.784885591345644
band6Frequency=878.569091207187
band6Gain=-2
band6Q=1.7848855913456436
band7Frequency=1562.341325190349
band7Gain=-1
band7Q=1.7848855913456438
band8Frequency=2778.2794100389224
band8Q=1.7848855913456436
band9Frequency=4940.557070207302
band9Gain=1
band9Q=1.7848855913456436
